貨物名稱	數量	長度	寬度	高度	重量
MC005V2DQWH5T（纽蓝）	11	170.00	91.00	20.00	509.30
BM054V1BXNA5F（纽蓝）	20	102.00	82.00	5.50	212.00
BM013V3AYBW5X（纽蓝）	15	87.00	64.00	7.50	115.50
MC006V2BWBK5S（纽蓝）	20	90.00	83.00	19.00	416.00
BM053V1APBN5X（纽蓝）	5	85.00	57.00	4.50	27.25
BM065V2GCNI5X（纽蓝）	10	52.00	50.00	7.00	23.00
BM053V1APBN5X（纽蓝）	5	85.00	57.00	4.50	27.25
BM068V1ERGD5X（纽蓝）	10	87.00	85.00	6.50	85.00
MC005V2DQBK5T（纽蓝）	5	170.00	91.00	20.00	231.50
BM013V3AOBK5X（纽蓝）	5	82.00	59.00	7.50	34.50
PM011V1ATBK5X（纽蓝）	10	92.50	58.00	7.50	73.00
BM065V1EQBK5X（纽蓝）	15	84.00	82.00	5.00	77.25
BM065V1GFNI5X（纽蓝）	10	88.00	82.00	5.00	56.00
MC006V2BWGD5S（纽蓝）	10	90.00	83.00	19.00	208.00
PM011V1AHBK5X（纽蓝）	6	77.50	48.00	7.50	25.80
BM013V3FMBK5X（纽蓝）	7	131.00	83.00	7.50	112.00
BM065V1EQNI5X（纽蓝）	12	84.00	82.00	5.00	61.80
BM068V1ERGD5X（纽蓝）	5	87.00	85.00	6.50	42.50
MC006V2BWCH5S（纽蓝）	10	90.00	83.00	19.00	208.00
BM013V3DHBW5X（纽蓝）	5	150.00	100.00	7.50	119.00
BM065V2GENI5X（纽蓝）	5	62.00	60.00	7.00	16.75
BM068V1EMGD5X（纽蓝）	5	71.00	69.00	6.50	30.00
PM011V2ATGD5X（纽蓝）	5	92.50	58.00	7.50	36.50
BM013V3AKWD5X（纽蓝）	19	77.00	54.00	7.50	112.10
MC005V2DCOB5T（纽蓝）	9	139.00	91.00	20.00	356.40
MC005V2CPBK5D（纽蓝）	5	114.00	85.00	19.00	136.00
MC011V2GBSI5S（纽蓝）	20	56.00	43.00	11.50	94.80
MC006V2AUBN5X（纽蓝）	10	90.00	58.00	19.00	162.00
BM054V1BXNA5F（纽蓝）	5	102.00	82.00	5.50	53.00
BM053V1BKBN5X（纽蓝）	5	100.00	68.00	4.50	37.50
BM013V3AKBK5X（纽蓝）	12	77.00	54.00	7.50	70.80
BM065V1ETNI5X（纽蓝）	5	94.00	92.00	5.00	32.50
MC006V2AUCH5X（纽蓝）	5	90.00	58.00	19.00	81.00
MC006V2BJBK5X（纽蓝）	10	90.00	68.00	19.00	179.00
BM065V1EONI5X（纽蓝）	12	72.00	70.00	5.00	46.80
MC005V2DCBN5T（纽蓝）	5	139.00	91.00	20.00	198.00
MC005V2DCGD5T（纽蓝）	5	139.00	91.00	20.00	198.00
MC005V2CPBN5D（纽蓝）	5	114.00	85.00	19.00	136.00
BM065V1EONI5X（纽蓝）	5	72.00	70.00	5.00	19.50
BM054V1BXNA5F（纽蓝）	5	102.00	82.00	5.50	53.00
MC006V2BJBN5X（纽蓝）	5	90.00	68.00	19.00	89.50
MC006V2BWBK5S（纽蓝）	5	90.00	83.00	19.00	104.00
BM054V1DENA5F（纽蓝）	5	132.00	100.00	5.50	83.50
PM011V1FNSN5X（纽蓝）	5	117.50	82.00	7.50	65.00
BM013V3BKWD5X（纽蓝）	10	102.00	70.00	7.50	100.00
BM068V1EVGD5X（纽蓝）	5	104.00	102.00	6.50	58.50
MC005V2CPGD5D（纽蓝）	5	114.00	85.00	19.00	136.00
MC005V2CPSI5D（纽蓝）	4	114.00	85.00	19.00	108.80
MC006V2CQBN5X（纽蓝）	5	112.00	88.00	19.00	153.50
MC006V2CQCH5X（纽蓝）	5	112.00	88.00	19.00	153.50
BM025V1BFNA5X（纽蓝）	8	99.00	69.00	8.50	72.80
MC006V2AWCH5X（纽蓝）	5	77.00	60.00	19.00	69.50
MC006V2BWBN5S（纽蓝）	5	90.00	83.00	19.00	104.00
MC011V2ARSI5S（纽蓝）	10	76.00	59.00	11.50	82.60
BM065V2GDNI5X（纽蓝）	15	57.00	55.00	7.00	42.75
MC011V2GBBK5S（海信）	10	56.00	43.00	11.50	47.40
BM054V1BJNA5F（海信）	100	92.00	70.00	5.50	830.00
BM054V1BINA5F（海信）	150	87.00	70.00	5.50	1155.00
BM063V2EFNA5X（海信）	10	195.50	100.50	5.00	256.50
MC011V2GBWH5S（海信）	10	56.00	43.00	11.50	47.40
BM015V3BENI5X（海信）	30	90.00	67.00	5.50	225.00
BM054V1DANA5F（海信）	15	132.00	70.00	5.50	175.50
MC011V2CDBK5D（海信）	7	71.00	54.00	17.00	93.17
BM063V2DHNA5X（海信）	7	152.50	100.50	5.00	138.74
BM063V2EXNA5X（海信）	15	85.50	63.50	5.00	108.75
BM015V2FSBK5X（海信）	5	149.00	82.00	5.50	76.75
BM015V3DCBK5X（海信）	5	134.00	82.00	5.50	66.85
BM015V3BEBK5X（海信）	5	90.00	67.00	5.50	37.80
BM015V3BXNI5X（海信）	10	100.00	83.00	5.50	101.00
BM054V1BJNA5F（海信）	5	92.00	70.00	5.50	41.50
BM015V3BXBK5X（海信）	10	100.00	83.00	5.50	103.70
BM015V3BXBK5X（海信）	10	100.00	83.00	5.50	103.70
BM063V2BJNA5X（海信）	15	90.50	68.50	5.00	120.00
BM015V3BTNI5X（海信）	5	100.00	78.00	5.50	46.45
MC011V2CDWH5D（海信）	5	71.00	54.00	17.00	66.55
BM035V4EFNA5X（福美高）	5	197.00	103.00	6.00	131.50
BM028V2BKGD5X（福美高）	25	102.00	68.00	8.00	257.50
MC006V2AIWH5X（福美高）	1	72.00	50.00	19.00	11.20
MC005V2BKWH5S（福美高）	5	99.50	68.00	19.00	94.75
MC005V2BUSI5S（福美高）	5	84.20	73.00	19.00	84.50
BM033V4DHNA5X（福美高）	6	152.00	100.00	6.00	114.00
BM033V4CQNA5X（福美高）	10	114.00	88.00	6.00	136.00
BM035V4CUNA5X（福美高）	5	119.00	98.00	6.00	75.50
BM033V4BKNA5X（福美高）	10	102.00	68.00	6.00	94.00
BM033V4CQNA5X（福美高）	10	114.00	88.00	6.00	136.00
BM035V4DSNA5X（福美高）	5	167.00	103.00	6.00	115.00
BM035V4DGNA5X（福美高）	5	148.00	82.00	6.00	82.50
BM035V4DENA5X（福美高）	5	134.00	100.00	6.00	85.50
BM033V4BKNA5X（福美高）	9	102.00	68.00	6.00	84.60
BM028V2COGD5X（福美高）	16	114.00	68.00	8.00	177.60
MC006V2BJCH5X（福美高）	5	90.00	68.00	19.00	89.50
MC005V2BISI5S（福美高）	5	85.00	68.00	19.00	80.00
MC003V1EMWH5X（福美高）	5	68.00	67.00	19.30	56.50
MC004V1ENWH5X（福美高）	8	74.00	73.00	19.30	114.40
MC004V1EQSI5X（福美高）	5	79.00	78.00	19.30	81.00
MC006V2CQWH5X（福美高）	5	112.00	88.00	19.00	153.50
BM035V4BKNA5X（福美高）	5	102.00	68.00	6.00	47.00
BM035V4BJNA5X（福美高）	5	92.00	68.00	6.00	45.50
BM028V2DHGD5X（福美高）	5	154.00	100.00	8.00	104.00
MC004V1ENSI5X（福美高）	5	74.00	73.00	19.30	71.50
